 1     0.299121   -0.230511    0.925954
 2    -0.810603    0.052722   -0.583217
 3    -0.399627   -0.869602   -0.289980
 4    -0.870867   -0.254322    0.420607
 5     0.025394   -0.747346    0.663949
 6     0.399627    0.869602    0.289980
 7     0.111304   -0.990768    0.077386
 8    -0.152206    0.782372    0.603925
 9     0.456100    0.447749    0.769085
10     0.973609   -0.227942   -0.011271
11     0.639578   -0.745007   -0.189482
12    -0.872956   -0.449337   -0.189848
13     0.152206   -0.782372   -0.603925
14    -0.973609    0.227942    0.011271
15     0.522281    0.784941   -0.333300
16    -0.299121    0.230511   -0.925954
17    -0.618959    0.648112   -0.443666
18    -0.639578    0.745007    0.189482
19    -0.522281   -0.784941    0.333300
20    -0.122903    0.250537    0.960273
21    -0.406204   -0.315076    0.857744
22    -0.111304    0.990768   -0.077386
23     0.685140   -0.310920   -0.658719
24    -0.025394    0.747346   -0.663949
25     0.872956    0.449337    0.189848
26    -0.685140    0.310920    0.658719
27     0.618959   -0.648112    0.443666
28     0.810603   -0.052722    0.583217
29     0.122903   -0.250537   -0.960273
30    -0.456100   -0.447749   -0.769085
31     0.406204    0.315076   -0.857744
32     0.870867    0.254322   -0.420607
